     0    1    2    3    4    5     6    7    8     9    ...      18   19  \
0   1.0  1.0  1.0  0.0  0.0  0.0   0.0  0.0  0.0   0.0   ...     0.0  0.0   
1   4.0  2.0  1.0  0.0  0.0  0.0   0.0  0.0  0.0   0.0   ...     0.0  0.0   
2   0.0  0.0  0.0  9.0  3.0  1.0   0.0  0.0  0.0   0.0   ...     0.0  0.0   
3   0.0  0.0  0.0  0.0  0.0  0.0  16.0  4.0  1.0   0.0   ...     0.0  0.0   
4   0.0  0.0  0.0  0.0  0.0  0.0   0.0  0.0  0.0  25.0   ...     0.0  0.0   
5   0.0  0.0  0.0  0.0  0.0  0.0   0.0  0.0  0.0   0.0   ...     0.0  0.0   
6   0.0  0.0  0.0  0.0  0.0  0.0   0.0  0.0  0.0   0.0   ...     0.0  0.0   
7   0.0  0.0  0.0  0.0  0.0  0.0   0.0  0.0  0.0   0.0   ...    64.0  8.0   
8   0.0  0.0  0.0  0.0  0.0  0.0   0.0  0.0  0.0   0.0   ...     0.0  0.0   
9   0.0  0.0  0.0  0.0  0.0  0.0   0.0  0.0  0.0   0.0   ...     0.0  0.0   
10  4.0  2.0  1.0 -4.0 -2.0 -1.0   0.0  0.0  0.0   0.0   ...     0.0  0.0   
11  0.0  0.0  0.0  9.0  3.0  1.0  -9.0 -3.0 -1.0   0.0   ...     0.0  0.0   
12  0.0  0.0  0.0  0.0  0.0  0.0  16.0  4.0  1.0 -16.0   ...     0.0  0.0   
13  0.0  0.0  0.0  0.0  0.0  0.0   0.0  0.0  0.0  25.0   ...     0.0  0.0   
14  0.0  0.0  0.0  0.0  0.0  0.0   0.0  0.0  0.0   0.0   ...     0.0  0.0   
15  0.0  0.0  0.0  0.0  0.0  0.0   0.0  0.0  0.0   0.0   ...   -49.0 -7.0   
16  0.0  0.0  0.0  0.0  0.0  0.0   0.0  0.0  0.0   0.0   ...    64.0  8.0   
17  0.0  0.0  0.0  0.0  0.0  0.0   0.0  0.0  0.0   0.0   ...     0.0  0.0   
18  4.0  1.0  0.0 -4.0 -1.0  0.0   0.0  0.0  0.0   0.0   ...     0.0  0.0   
19  0.0  0.0  0.0  6.0  1.0  0.0  -6.0 -1.0  0.0   0.0   ...     0.0  0.0   
20  0.0  0.0  0.0  0.0  0.0  0.0   8.0  1.0  0.0  -8.0   ...     0.0  0.0   
21  0.0  0.0  0.0  0.0  0.0  0.0   0.0  0.0  0.0  10.0   ...     0.0  0.0   
22  0.0  0.0  0.0  0.0  0.0  0.0   0.0  0.0  0.0   0.0   ...     0.0  0.0   
23  0.0  0.0  0.0  0.0  0.0  0.0   0.0  0.0  0.0   0.0   ...   -14.0 -1.0   
24  0.0  0.0  0.0  0.0  0.0  0.0   0.0  0.0  0.0   0.0   ...    16.0  1.0   
25  0.0  0.0  0.0  0.0  0.0  0.0   0.0  0.0  0.0   0.0   ...     0.0  0.0   
26  1.0  0.0  0.0  0.0  0.0  0.0   0.0  0.0  0.0   0.0   ...     0.0  0.0   

     20    21   22   23     24    25   26      27  
0   0.0   0.0  0.0  0.0    0.0   0.0  0.0  0.5949  
1   0.0   0.0  0.0  0.0    0.0   0.0  0.0  0.2622  
2   0.0   0.0  0.0  0.0    0.0   0.0  0.0  0.6028  
3   0.0   0.0  0.0  0.0    0.0   0.0  0.0  0.7112  
4   0.0   0.0  0.0  0.0    0.0   0.0  0.0  0.2217  
5   0.0   0.0  0.0  0.0    0.0   0.0  0.0  0.1174  
6   0.0   0.0  0.0  0.0    0.0   0.0  0.0  0.2967  
7   1.0   0.0  0.0  0.0    0.0   0.0  0.0  0.3188  
8   0.0  81.0  9.0  1.0    0.0   0.0  0.0  0.4242  
9   0.0   0.0  0.0  0.0  100.0  10.0  1.0  0.5079  
10  0.0   0.0  0.0  0.0    0.0   0.0  0.0  0.0000  
11  0.0   0.0  0.0  0.0    0.0   0.0  0.0  0.0000  
12  0.0   0.0  0.0  0.0    0.0   0.0  0.0  0.0000  
13  0.0   0.0  0.0  0.0    0.0   0.0  0.0  0.0000  
14  0.0   0.0  0.0  0.0    0.0   0.0  0.0  0.0000  
15 -1.0   0.0  0.0  0.0    0.0   0.0  0.0  0.0000  
16  1.0 -64.0 -8.0 -1.0    0.0   0.0  0.0  0.0000  
17  0.0  81.0  9.0  1.0  -81.0  -9.0 -1.0  0.0000  
18  0.0   0.0  0.0  0.0    0.0   0.0  0.0  0.0000  
19  0.0   0.0  0.0  0.0    0.0   0.0  0.0  0.0000  
20  0.0   0.0  0.0  0.0    0.0   0.0  0.0  0.0000  
21  0.0   0.0  0.0  0.0    0.0   0.0  0.0  0.0000  
22  0.0   0.0  0.0  0.0    0.0   0.0  0.0  0.0000  
23  0.0   0.0  0.0  0.0    0.0   0.0  0.0  0.0000  
24  0.0 -16.0 -1.0  0.0    0.0   0.0  0.0  0.0000  
25  0.0  18.0  1.0  0.0  -18.0  -1.0  0.0  0.0000  
26  0.0   0.0  0.0  0.0    0.0   0.0  0.0  0.0000  

[27 rows x 28 columns]
+---+-----------------+---------+----------+
| i |        Ai       |    Bi   |    Ci    |
+---+-----------------+---------+----------+
| 0 | 8.881784197e-15 | -0.3327 |  0.9276  |
| 1 |      0.6733     | -3.0259 |  3.6208  |
| 2 |     -0.9055     |  6.4469 | -10.5884 |
| 3 |      0.3076     | -3.2579 |  8.8212  |
| 4 |      0.0776     | -0.9579 |  3.0712  |
| 5 |      0.206      | -2.4987 |  7.6936  |
| 6 |     -0.3632     |  5.4701 | -20.1972 |
| 7 |      0.4465     | -7.4851 | 31.6236  |
| 8 |     -0.4682     |  8.9795 | -42.4671 |
+---+-----------------+---------+----------+
