     0    1    2    3    4    5    6    7    8    9    10   11   12   13   14  \
0   1.0  1.0  0.0  0.0  0.0  0.0  0.0  0.0  0.0  0.0  0.0  0.0  0.0  0.0  0.0   
1   2.0  1.0  0.0  0.0  0.0  0.0  0.0  0.0  0.0  0.0  0.0  0.0  0.0  0.0  0.0   
2   0.0  0.0  3.0  1.0  0.0  0.0  0.0  0.0  0.0  0.0  0.0  0.0  0.0  0.0  0.0   
3   0.0  0.0  0.0  0.0  4.0  1.0  0.0  0.0  0.0  0.0  0.0  0.0  0.0  0.0  0.0   
4   0.0  0.0  0.0  0.0  0.0  0.0  5.0  1.0  0.0  0.0  0.0  0.0  0.0  0.0  0.0   
5   0.0  0.0  0.0  0.0  0.0  0.0  0.0  0.0  6.0  1.0  0.0  0.0  0.0  0.0  0.0   
6   0.0  0.0  0.0  0.0  0.0  0.0  0.0  0.0  0.0  0.0  7.0  1.0  0.0  0.0  0.0   
7   0.0  0.0  0.0  0.0  0.0  0.0  0.0  0.0  0.0  0.0  0.0  0.0  8.0  1.0  0.0   
8   0.0  0.0  0.0  0.0  0.0  0.0  0.0  0.0  0.0  0.0  0.0  0.0  0.0  0.0  9.0   
9   0.0  0.0  0.0  0.0  0.0  0.0  0.0  0.0  0.0  0.0  0.0  0.0  0.0  0.0  0.0   
10  2.0  1.0 -2.0 -1.0  0.0  0.0  0.0  0.0  0.0  0.0  0.0  0.0  0.0  0.0  0.0   
11  0.0  0.0  3.0  1.0 -3.0 -1.0  0.0  0.0  0.0  0.0  0.0  0.0  0.0  0.0  0.0   
12  0.0  0.0  0.0  0.0  4.0  1.0 -4.0 -1.0  0.0  0.0  0.0  0.0  0.0  0.0  0.0   
13  0.0  0.0  0.0  0.0  0.0  0.0  5.0  1.0 -5.0 -1.0  0.0  0.0  0.0  0.0  0.0   
14  0.0  0.0  0.0  0.0  0.0  0.0  0.0  0.0  6.0  1.0 -6.0 -1.0  0.0  0.0  0.0   
15  0.0  0.0  0.0  0.0  0.0  0.0  0.0  0.0  0.0  0.0  7.0  1.0 -7.0 -1.0  0.0   
16  0.0  0.0  0.0  0.0  0.0  0.0  0.0  0.0  0.0  0.0  0.0  0.0  8.0  1.0 -8.0   
17  0.0  0.0  0.0  0.0  0.0  0.0  0.0  0.0  0.0  0.0  0.0  0.0  0.0  0.0  9.0   

     15    16   17      18  
0   0.0   0.0  0.0  0.5949  
1   0.0   0.0  0.0  0.2622  
2   0.0   0.0  0.0  0.6028  
3   0.0   0.0  0.0  0.7112  
4   0.0   0.0  0.0  0.2217  
5   0.0   0.0  0.0  0.1174  
6   0.0   0.0  0.0  0.2967  
7   0.0   0.0  0.0  0.3188  
8   1.0   0.0  0.0  0.4242  
9   0.0  10.0  1.0  0.5079  
10  0.0   0.0  0.0  0.0000  
11  0.0   0.0  0.0  0.0000  
12  0.0   0.0  0.0  0.0000  
13  0.0   0.0  0.0  0.0000  
14  0.0   0.0  0.0  0.0000  
15  0.0   0.0  0.0  0.0000  
16 -1.0   0.0  0.0  0.0000  
17  1.0  -9.0 -1.0  0.0000  
+---+---------+---------+
| i |    Ai   |    Bi   |
+---+---------+---------+
| 0 | -0.3327 |  0.9276 |
| 1 |  0.3406 |  -0.419 |
| 2 |  0.1084 |  0.2776 |
| 3 | -0.4895 |  2.6692 |
| 4 | -0.1043 |  0.7432 |
| 5 |  0.1793 | -0.9584 |
| 6 |  0.0221 |  0.142  |
| 7 |  0.1054 | -0.5244 |
| 8 |  0.0837 | -0.3291 |
+---+---------+---------+
