      0    1    2    3     4    5    6    7     8     9    ...     27     28  \
0    1.0  1.0  1.0  1.0   0.0  0.0  0.0  0.0   0.0   0.0   ...    0.0    0.0   
1    8.0  4.0  2.0  1.0   0.0  0.0  0.0  0.0   0.0   0.0   ...    0.0    0.0   
2    0.0  0.0  0.0  0.0  27.0  9.0  3.0  1.0   0.0   0.0   ...    0.0    0.0   
3    0.0  0.0  0.0  0.0   0.0  0.0  0.0  0.0  64.0  16.0   ...    0.0    0.0   
4    0.0  0.0  0.0  0.0   0.0  0.0  0.0  0.0   0.0   0.0   ...    0.0    0.0   
5    0.0  0.0  0.0  0.0   0.0  0.0  0.0  0.0   0.0   0.0   ...    0.0    0.0   
6    0.0  0.0  0.0  0.0   0.0  0.0  0.0  0.0   0.0   0.0   ...    0.0    0.0   
7    0.0  0.0  0.0  0.0   0.0  0.0  0.0  0.0   0.0   0.0   ...    1.0    0.0   
8    0.0  0.0  0.0  0.0   0.0  0.0  0.0  0.0   0.0   0.0   ...    0.0  729.0   
9    0.0  0.0  0.0  0.0   0.0  0.0  0.0  0.0   0.0   0.0   ...    0.0    0.0   
10   8.0  4.0  2.0  1.0  -8.0 -4.0 -2.0 -1.0   0.0   0.0   ...    0.0    0.0   
11   0.0  0.0  0.0  0.0  27.0  9.0  3.0  1.0 -27.0  -9.0   ...    0.0    0.0   
12   0.0  0.0  0.0  0.0   0.0  0.0  0.0  0.0  64.0  16.0   ...    0.0    0.0   
13   0.0  0.0  0.0  0.0   0.0  0.0  0.0  0.0   0.0   0.0   ...    0.0    0.0   
14   0.0  0.0  0.0  0.0   0.0  0.0  0.0  0.0   0.0   0.0   ...    0.0    0.0   
15   0.0  0.0  0.0  0.0   0.0  0.0  0.0  0.0   0.0   0.0   ...   -1.0    0.0   
16   0.0  0.0  0.0  0.0   0.0  0.0  0.0  0.0   0.0   0.0   ...    1.0 -512.0   
17   0.0  0.0  0.0  0.0   0.0  0.0  0.0  0.0   0.0   0.0   ...    0.0  729.0   
18  12.0  4.0  1.0  0.0 -12.0 -4.0 -1.0  0.0   0.0   0.0   ...    0.0    0.0   
19   0.0  0.0  0.0  0.0  27.0  6.0  1.0  0.0 -27.0  -6.0   ...    0.0    0.0   
20   0.0  0.0  0.0  0.0   0.0  0.0  0.0  0.0  48.0   8.0   ...    0.0    0.0   
21   0.0  0.0  0.0  0.0   0.0  0.0  0.0  0.0   0.0   0.0   ...    0.0    0.0   
22   0.0  0.0  0.0  0.0   0.0  0.0  0.0  0.0   0.0   0.0   ...    0.0    0.0   
23   0.0  0.0  0.0  0.0   0.0  0.0  0.0  0.0   0.0   0.0   ...    0.0    0.0   
24   0.0  0.0  0.0  0.0   0.0  0.0  0.0  0.0   0.0   0.0   ...    0.0 -192.0   
25   0.0  0.0  0.0  0.0   0.0  0.0  0.0  0.0   0.0   0.0   ...    0.0  243.0   
26  12.0  2.0  0.0  0.0 -12.0 -2.0  0.0  0.0   0.0   0.0   ...    0.0    0.0   
27   0.0  0.0  0.0  0.0  18.0  2.0  0.0  0.0 -18.0  -2.0   ...    0.0    0.0   
28   0.0  0.0  0.0  0.0   0.0  0.0  0.0  0.0  24.0   2.0   ...    0.0    0.0   
29   0.0  0.0  0.0  0.0   0.0  0.0  0.0  0.0   0.0   0.0   ...    0.0    0.0   
30   0.0  0.0  0.0  0.0   0.0  0.0  0.0  0.0   0.0   0.0   ...    0.0    0.0   
31   0.0  0.0  0.0  0.0   0.0  0.0  0.0  0.0   0.0   0.0   ...    0.0    0.0   
32   0.0  0.0  0.0  0.0   0.0  0.0  0.0  0.0   0.0   0.0   ...    0.0  -48.0   
33   0.0  0.0  0.0  0.0   0.0  0.0  0.0  0.0   0.0   0.0   ...    0.0   54.0   
34   6.0  2.0  0.0  0.0   0.0  0.0  0.0  0.0   0.0   0.0   ...    0.0    0.0   
35   0.0  0.0  0.0  0.0   0.0  0.0  0.0  0.0   0.0   0.0   ...    0.0    0.0   

      29   30   31      32     33    34   35      36  
0    0.0  0.0  0.0     0.0    0.0   0.0  0.0  0.5949  
1    0.0  0.0  0.0     0.0    0.0   0.0  0.0  0.2622  
2    0.0  0.0  0.0     0.0    0.0   0.0  0.0  0.6028  
3    0.0  0.0  0.0     0.0    0.0   0.0  0.0  0.7112  
4    0.0  0.0  0.0     0.0    0.0   0.0  0.0  0.2217  
5    0.0  0.0  0.0     0.0    0.0   0.0  0.0  0.1174  
6    0.0  0.0  0.0     0.0    0.0   0.0  0.0  0.2967  
7    0.0  0.0  0.0     0.0    0.0   0.0  0.0  0.3188  
8   81.0  9.0  1.0     0.0    0.0   0.0  0.0  0.4242  
9    0.0  0.0  0.0  1000.0  100.0  10.0  1.0  0.5079  
10   0.0  0.0  0.0     0.0    0.0   0.0  0.0  0.0000  
11   0.0  0.0  0.0     0.0    0.0   0.0  0.0  0.0000  
12   0.0  0.0  0.0     0.0    0.0   0.0  0.0  0.0000  
13   0.0  0.0  0.0     0.0    0.0   0.0  0.0  0.0000  
14   0.0  0.0  0.0     0.0    0.0   0.0  0.0  0.0000  
15   0.0  0.0  0.0     0.0    0.0   0.0  0.0  0.0000  
16 -64.0 -8.0 -1.0     0.0    0.0   0.0  0.0  0.0000  
17  81.0  9.0  1.0  -729.0  -81.0  -9.0 -1.0  0.0000  
18   0.0  0.0  0.0     0.0    0.0   0.0  0.0  0.0000  
19   0.0  0.0  0.0     0.0    0.0   0.0  0.0  0.0000  
20   0.0  0.0  0.0     0.0    0.0   0.0  0.0  0.0000  
21   0.0  0.0  0.0     0.0    0.0   0.0  0.0  0.0000  
22   0.0  0.0  0.0     0.0    0.0   0.0  0.0  0.0000  
23   0.0  0.0  0.0     0.0    0.0   0.0  0.0  0.0000  
24 -16.0 -1.0  0.0     0.0    0.0   0.0  0.0  0.0000  
25  18.0  1.0  0.0  -243.0  -18.0  -1.0  0.0  0.0000  
26   0.0  0.0  0.0     0.0    0.0   0.0  0.0  0.0000  
27   0.0  0.0  0.0     0.0    0.0   0.0  0.0  0.0000  
28   0.0  0.0  0.0     0.0    0.0   0.0  0.0  0.0000  
29   0.0  0.0  0.0     0.0    0.0   0.0  0.0  0.0000  
30   0.0  0.0  0.0     0.0    0.0   0.0  0.0  0.0000  
31   0.0  0.0  0.0     0.0    0.0   0.0  0.0  0.0000  
32  -2.0  0.0  0.0     0.0    0.0   0.0  0.0  0.0000  
33   2.0  0.0  0.0   -54.0   -2.0   0.0  0.0  0.0000  
34   0.0  0.0  0.0     0.0    0.0   0.0  0.0  0.0000  
35   0.0  0.0  0.0    60.0    2.0   0.0  0.0  0.0000  

[36 rows x 37 columns]
+---+------------------+-----------------+-----------------+----------------+
| i |        Ai        |        Bi       |        Ci       |       Di       |
+---+------------------+-----------------+-----------------+----------------+
| 0 |  0.184052068127  | -0.552156204513 | 0.0354041366453 | 0.92759999974  |
| 1 | -0.246960340377  |  2.03391824652  |  -5.13674476541 | 4.37569926778  |
| 2 | -0.101710706618  |  0.726671542685 |  -1.21500465392 | 0.453959156286 |
| 3 |  0.288103166851  |  -3.95109493894 |  17.4960612726  | -24.4941287457 |
| 4 | -0.067601960784  |  1.38448197558  |  -9.18182330001 | 19.9690122086  |
| 5 | -0.119295323714  |  2.31496250833  |  -14.7647064965 | 31.1347786016  |
| 6 |  0.103983255642  |  -2.37388765816 |  18.0572446689  | -45.4497741177 |
| 7 | -0.0561376988531 |  1.46901524972  |  -12.6859785942 | 36.5321545838  |
| 8 | 0.0155675397706  | -0.467026193119 |  4.73839439142  | -15.7409643729 |
+---+------------------+-----------------+-----------------+----------------+
