+------+--------+----------------------+-----------------------+-----------------------+-----------------------+----------------------+------------------------+------------------------+-------------------------+------------------------+
|  Xi  |  F[x]  |          1           |           2           |           3           |           4           |          5           |           6            |           7            |            8            |           9            |
+------+--------+----------------------+-----------------------+-----------------------+-----------------------+----------------------+------------------------+------------------------+-------------------------+------------------------+
| 1.0  | 0.5949 |          0           |           0           |           0           |           0           |          0           |           0            |           0            |            0            |           0            |
| 2.0  | 0.2622 |       -0.3327        |           0           |           0           |           0           |          0           |           0            |           0            |            0            |           0            |
| 3.0  | 0.6028 |        0.3406        |        0.33665        |           0           |           0           |          0           |           0            |           0            |            0            |           0            |
| 4.0  | 0.7112 | 0.10840000000000005  |  -0.11609999999999998 |  -0.15091666666666667 |           0           |          0           |           0            |           0            |            0            |           0            |
| 5.0  | 0.2217 | -0.48950000000000005 |  -0.29895000000000005 | -0.060950000000000025 |  0.02249166666666666  |          0           |           0            |           0            |            0            |           0            |
| 6.0  | 0.1174 |       -0.1043        |  0.19260000000000002  |  0.16385000000000002  |  0.056200000000000014 | 0.006741666666666671 |           0            |           0            |            0            |           0            |
| 7.0  | 0.2967 | 0.17930000000000001  |         0.1418        |  -0.01693333333333334 |  -0.04519583333333334 | -0.02027916666666667 | -0.004503472222222224  |           0            |            0            |           0            |
| 8.0  | 0.3188 | 0.022099999999999953 |  -0.07860000000000003 |  -0.07346666666666668 | -0.014133333333333335 | 0.006212500000000001 |  0.004415277777777778  | 0.0012741071428571432  |            0            |           0            |
| 9.0  | 0.4242 | 0.10540000000000005  |  0.04165000000000005  |  0.04008333333333336  |  0.02838750000000001  | 0.008504166666666669 | 0.00038194444444444457 | -0.0005761904761904763 | -0.00023128720238095243 |           0            |
| 10.0 | 0.5079 |        0.0837        | -0.010850000000000026 | -0.017500000000000026 | -0.014395833333333347 | -0.00855666666666667 | -0.002843472222222223  | -0.0004607738095238097 |  1.4427083333333333e-05 | 2.7301587301587305e-05 |
+------+--------+----------------------+-----------------------+-----------------------+-----------------------+----------------------+------------------------+------------------------+-------------------------+------------------------+
El polinomio resultante es:
 2.73015873015873e-5*x**9 - 0.00145985863095238*x**8 + 0.0333528273809524*x**7 - 0.424461284722222*x**6 + 3.28814916666667*x**5 - 15.9091573784722*x**4 + 47.4512324900794*x**3 - 82.8698714781746*x**2 + 75.6865882142857*x - 26.6595
El resultado de p(0.5) es igual a -4.50021466369629
