     0        1         2         3         4         5         6         7          8         9         10
0  20.0  0.05980  0.081100  0.450900  0.111200  0.240000  0.145000  0.442700  10.000000  0.800100  1.000000
1   0.0  9.94058  0.366438  0.637636  0.334873  0.233798  0.865613  0.527044   0.008750  0.064057  0.974575
2   0.0  0.00000  9.755771  0.592528  0.345359  0.160618  0.494098  0.029735   0.279896  0.223501  0.902967
3   0.0  0.00000  0.000000  9.623220  0.844275  0.085033  0.463076  0.932389   0.380980  0.359735  0.826418
4   0.0  0.00000  0.000000  0.000000  9.464362  0.065057  0.106602  0.797683   0.437986  0.846195  0.943139
5   0.0  0.00000  0.000000  0.000000  0.000000  9.379931  0.094952  0.097830  -0.098256  0.742405  0.860430
6   0.0  0.00000  0.000000  0.000000  0.000000  0.000000  9.202950  0.801655   0.268769  0.630578  0.788289
7   0.0  0.00000  0.000000  0.000000  0.000000  0.000000  0.000000  8.937914   0.368430  0.806730  0.746103
8   0.0  0.00000  0.000000  0.000000  0.000000  0.000000  0.000000  0.000000   8.837426 -0.083883  0.672665
9   0.0  0.00000  0.000000  0.000000  0.000000  0.000000  0.000000  0.000000   0.000000  8.832266  0.702084 

[0.076869963398516, 0.07313272687918368, 0.0794907540521651, 0.0715940914552953, 0.08475712779574092, 0.08143424546877402, 0.07584431010303717, 0.06143839364735835, 0.07667200402330228, 0.002854472625705978]
