The matrix you entered is:
      0       1
0   1.0  0.5949
1   2.0  0.2622
2   3.0  0.6028
3   4.0  0.7112
4   5.0  0.2217
5   6.0  0.1174
6   7.0  0.2967
7   8.0  0.3188
8   9.0  0.4242
9  10.0  0.5079


The Vandermonde matrix is: 
               0            1           2          3         4        5  \
0  1.000000e+00          1.0         1.0        1.0       1.0      1.0   
1  5.120000e+02        256.0       128.0       64.0      32.0     16.0   
2  1.968300e+04       6561.0      2187.0      729.0     243.0     81.0   
3  2.621440e+05      65536.0     16384.0     4096.0    1024.0    256.0   
4  1.953125e+06     390625.0     78125.0    15625.0    3125.0    625.0   
5  1.007770e+07    1679616.0    279936.0    46656.0    7776.0   1296.0   
6  4.035361e+07    5764801.0    823543.0   117649.0   16807.0   2401.0   
7  1.342177e+08   16777216.0   2097152.0   262144.0   32768.0   4096.0   
8  3.874205e+08   43046721.0   4782969.0   531441.0   59049.0   6561.0   
9  1.000000e+09  100000000.0  10000000.0  1000000.0  100000.0  10000.0   

        6      7     8    9  
0     1.0    1.0   1.0  1.0  
1     8.0    4.0   2.0  1.0  
2    27.0    9.0   3.0  1.0  
3    64.0   16.0   4.0  1.0  
4   125.0   25.0   5.0  1.0  
5   216.0   36.0   6.0  1.0  
6   343.0   49.0   7.0  1.0  
7   512.0   64.0   8.0  1.0  
8   729.0   81.0   9.0  1.0  
9  1000.0  100.0  10.0  1.0   

The augmented matrix (Vandermonde matrix and points in y axis) is: 
              0            1           2          3         4        5   \
0  1.000000e+00          1.0         1.0        1.0       1.0      1.0   
1  5.120000e+02        256.0       128.0       64.0      32.0     16.0   
2  1.968300e+04       6561.0      2187.0      729.0     243.0     81.0   
3  2.621440e+05      65536.0     16384.0     4096.0    1024.0    256.0   
4  1.953125e+06     390625.0     78125.0    15625.0    3125.0    625.0   
5  1.007770e+07    1679616.0    279936.0    46656.0    7776.0   1296.0   
6  4.035361e+07    5764801.0    823543.0   117649.0   16807.0   2401.0   
7  1.342177e+08   16777216.0   2097152.0   262144.0   32768.0   4096.0   
8  3.874205e+08   43046721.0   4782969.0   531441.0   59049.0   6561.0   
9  1.000000e+09  100000000.0  10000000.0  1000000.0  100000.0  10000.0   

       6      7     8    9       10  
0     1.0    1.0   1.0  1.0  0.5949  
1     8.0    4.0   2.0  1.0  0.2622  
2    27.0    9.0   3.0  1.0  0.6028  
3    64.0   16.0   4.0  1.0  0.7112  
4   125.0   25.0   5.0  1.0  0.2217  
5   216.0   36.0   6.0  1.0  0.1174  
6   343.0   49.0   7.0  1.0  0.2967  
7   512.0   64.0   8.0  1.0  0.3188  
8   729.0   81.0   9.0  1.0  0.4242  
9  1000.0  100.0  10.0  1.0  0.5079  


The resulting matrix after Gaussian elimination is: 

    0    1    2    3    4    5    6    7    8    9          10
0  1.0  0.0  0.0  0.0  0.0  0.0  0.0  0.0  0.0  0.0   0.000027
1  0.0  1.0  0.0  0.0  0.0  0.0  0.0  0.0  0.0  0.0  -0.001460
2  0.0  0.0  1.0  0.0  0.0  0.0  0.0  0.0  0.0  0.0   0.033353
3  0.0  0.0  0.0  1.0  0.0  0.0  0.0  0.0  0.0  0.0  -0.424462
4  0.0  0.0  0.0  0.0  1.0  0.0  0.0  0.0  0.0  0.0   3.288157
5  0.0  0.0  0.0  0.0  0.0  1.0  0.0  0.0  0.0  0.0 -15.909193
6  0.0  0.0  0.0  0.0  0.0  0.0  1.0  0.0  0.0  0.0  47.451331
7  0.0  0.0  0.0  0.0  0.0  0.0  0.0  1.0  0.0  0.0 -82.870034
8  0.0  0.0  0.0  0.0  0.0  0.0  0.0  0.0  1.0  0.0  75.686733
9 -0.0 -0.0 -0.0 -0.0 -0.0 -0.0 -0.0 -0.0 -0.0  1.0 -26.659552

 p(x) = +2.7301694387471542e-05x^9 -0.0014598637027338768x^8 +0.03335293015009855x^7 -0.4244624492123892x^6 +3.2881572603447964x^5 -15.909192962438595x^4 +47.45133075829423x^3 -82.87003433966848x^2 +75.68673332652294x^1 -26.659551961984256 

