Matrix L
          0         1         2         3         4         5         6  \
0  3.026913  0.000000  0.000000  0.000000  0.000000  0.000000  0.000000   
1  0.262413  3.007448  0.000000  0.000000  0.000000  0.000000  0.000000   
2  0.102811  0.071056  2.996409  0.000000  0.000000  0.000000  0.000000   
3  0.174600  0.295039  0.225366  3.023613  0.000000  0.000000  0.000000   
4  0.054709  0.047967  0.267045  0.036618  3.057026  0.000000  0.000000   
5  0.198883  0.264743  0.259587  0.006018 -0.018268  3.063397  0.000000   
6  0.086887  0.174689  0.008678  0.266493  0.048601  0.078658  3.141842   
7  0.216095  0.320517  0.097001  0.149192 -0.008216  0.260855  0.267746   
8  0.227691  0.014734  0.082501  0.168387  0.028456  0.085572  0.156083   
9  3.303696 -0.016291  0.229876 -0.109921 -0.228220 -0.114886 -0.251228   

          7         8        9  
0  0.000000  0.000000  0.00000  
1  0.000000  0.000000  0.00000  
2  0.000000  0.000000  0.00000  
3  0.000000  0.000000  0.00000  
4  0.000000  0.000000  0.00000  
5  0.000000  0.000000  0.00000  
6  0.000000  0.000000  0.00000  
7  3.098330  0.000000  0.00000  
8  0.186859  3.108060  0.00000  
9  0.058354 -0.161872  4.41376   

Matrix U
          0         1         2         3         4         5         6  \
0  3.026913  0.148832  0.035250  0.142521  0.281805  0.137863  0.257787   
1  0.000000  3.007448  0.316764  0.290346  0.182264  0.004496  0.107085   
2  0.000000  0.000000  2.996409  0.048897  0.103149  0.296424  0.069279   
3  0.000000  0.000000  0.000000  3.023613  0.127984  0.281980  0.103083   
4  0.000000  0.000000  0.000000  0.000000  3.057026  0.128772  0.017986   
5  0.000000  0.000000  0.000000  0.000000  0.000000  3.063397  0.011133   
6  0.000000  0.000000  0.000000  0.000000  0.000000  0.000000  3.141842   
7  0.000000  0.000000  0.000000  0.000000  0.000000  0.000000  0.000000   
8  0.000000  0.000000  0.000000  0.000000  0.000000  0.000000  0.000000   
9  0.000000  0.000000  0.000000  0.000000  0.000000  0.000000  0.000000   

          7         8         9  
0  0.077571  0.180712  0.180712  
1  0.110673  0.082754  0.242158  
2  0.268775  0.240368  0.150518  
3 -0.030219  0.026082  0.098882  
4 -0.012176  0.198821  0.124789  
5  0.017778  0.021783  0.055122  
6  0.199864  0.101192  0.131273  
7  3.098330  0.161918  0.102080  
8  0.000000  3.108060  0.223929  
9  0.000000  0.000000  4.413760  
