The L matrix is:
         0         1         2         3         4         5         6         7         8          9
0   9.1622  0.000000  0.000000  0.000000  0.000000  0.000000  0.000000  0.000000  0.000000   0.000000
1   0.7943  9.044745  0.000000  0.000000  0.000000  0.000000  0.000000  0.000000  0.000000   0.000000
2   0.3112  0.213698  8.978468  0.000000  0.000000  0.000000  0.000000  0.000000  0.000000   0.000000
3   0.5285  0.887314  0.675288  9.142233  0.000000  0.000000  0.000000  0.000000  0.000000   0.000000
4   0.1656  0.144258  0.800177  0.110718  9.345408  0.000000  0.000000  0.000000  0.000000   0.000000
5   0.6020  0.796200  0.777828  0.018195 -0.055846  9.384399  0.000000  0.000000  0.000000   0.000000
6   0.2630  0.525368  0.026002  0.805772  0.148573  0.240960  9.871173  0.000000  0.000000   0.000000
7   0.6541  0.963938  0.290654  0.451098 -0.025115  0.799103  0.841215  9.599651  0.000000   0.000000
8   0.6892  0.044312  0.247207  0.509137  0.086989  0.262142  0.490388  0.578951  9.660040   0.000000
9  10.0000 -0.048994  0.688804 -0.332358 -0.697673 -0.351942 -0.789318  0.180801 -0.503107  19.481278


The U matrix is:
     0         1         2         3         4         5         6         7         8         9
0  1.0  0.049169  0.011646  0.047085  0.093100  0.045546  0.085165  0.025627  0.059702  0.059702
1  0.0  1.000000  0.105326  0.096542  0.060604  0.001495  0.035607  0.036800  0.027516  0.080520
2  0.0  0.000000  1.000000  0.016319  0.034424  0.098926  0.023121  0.089699  0.080219  0.050233
3  0.0  0.000000  0.000000  1.000000  0.042328  0.093259  0.034093 -0.009994  0.008626  0.032703
4  0.0  0.000000  0.000000  0.000000  1.000000  0.042123  0.005884 -0.003983  0.065037  0.040820
5  0.0  0.000000  0.000000  0.000000  0.000000  1.000000  0.003634  0.005803  0.007111  0.017994
6  0.0  0.000000  0.000000  0.000000  0.000000  0.000000  1.000000  0.063614  0.032208  0.041782
7  0.0  0.000000  0.000000  0.000000  0.000000  0.000000  0.000000  1.000000  0.052260  0.032947
8  0.0  0.000000  0.000000  0.000000  0.000000  0.000000  0.000000  0.000000  1.000000  0.072048
9  0.0  0.000000  0.000000  0.000000  0.000000  0.000000  0.000000  0.000000  0.000000  1.000000


