Matrix U
        0         1         2         3         4         5         6         7         8          9
0  9.1622  0.450500  0.106700  0.431400  0.853000  0.417300  0.780300  0.234800  0.547000   0.547000
1  0.0000  9.044745  0.952650  0.873201  0.548151  0.013523  0.322053  0.332844  0.248879   0.728279
2  0.0000  0.000000  8.978468  0.146516  0.309076  0.888207  0.207588  0.805361  0.720241   0.451014
3  0.0000  0.000000  0.000000  9.142233  0.386975  0.852599  0.311683 -0.091370  0.078861   0.298980
4  0.0000  0.000000  0.000000  0.000000  9.345408  0.393658  0.054985 -0.037221  0.607800   0.381482
5  0.0000  0.000000  0.000000  0.000000  0.000000  9.384399  0.034105  0.054461  0.066730   0.168862
6  0.0000  0.000000  0.000000  0.000000  0.000000  0.000000  9.871173  0.627941  0.317930   0.412438
7  0.0000  0.000000  0.000000  0.000000  0.000000  0.000000  0.000000  9.599651  0.501675   0.316279
8  0.0000  0.000000  0.000000  0.000000  0.000000  0.000000  0.000000  0.000000  9.660040   0.695985
9  0.0000  0.000000  0.000000  0.000000  0.000000  0.000000  0.000000  0.000000  0.000000  19.481278 

Matrix L
          0         1         2         3         4         5         6         7         8    9
0  1.000000  0.000000  0.000000  0.000000  0.000000  0.000000  0.000000  0.000000  0.000000  0.0
1  0.086693  1.000000  0.000000  0.000000  0.000000  0.000000  0.000000  0.000000  0.000000  0.0
2  0.033966  0.023627  1.000000  0.000000  0.000000  0.000000  0.000000  0.000000  0.000000  0.0
3  0.057683  0.098103  0.075212  1.000000  0.000000  0.000000  0.000000  0.000000  0.000000  0.0
4  0.018074  0.015949  0.089122  0.012111  1.000000  0.000000  0.000000  0.000000  0.000000  0.0
5  0.065705  0.088029  0.086633  0.001990 -0.005976  1.000000  0.000000  0.000000  0.000000  0.0
6  0.028705  0.058085  0.002896  0.088137  0.015898  0.025677  1.000000  0.000000  0.000000  0.0
7  0.071391  0.106574  0.032372  0.049342 -0.002687  0.085152  0.085219  1.000000  0.000000  0.0
8  0.075222  0.004899  0.027533  0.055691  0.009308  0.027934  0.049679  0.060310  1.000000  0.0
9  1.091441 -0.005417  0.076717 -0.036354 -0.074654 -0.037503 -0.079962  0.018834 -0.052081  1.0 

