+---+---------------------+---------------------+---------------------+---------------------+---------------------+---------------------+---------------------+----------------------+---------------------+-----------------------+------------------------+
| n |          x0         |          x1         |          x2         |          x3         |          x4         |          x5         |          x6         |          x7          |          x8         |           x9          |         Error          |
+---+---------------------+---------------------+---------------------+---------------------+---------------------+---------------------+---------------------+----------------------+---------------------+-----------------------+------------------------+
| 0 |          0          |          0          |          0          |          0          |          0          |          0          |          0          |          0           |          0          |           0           |     Doesn't exist      |
| 1 |  0.1091440920302984 | 0.10054237738615271 | 0.10472537971023056 | 0.08304802536299967 | 0.09242140223347071 | 0.07818970431710981 | 0.07921506663680399 | 0.05969509985047712  | 0.07299812737163482 | -0.015011666602451023 |  0.26444949624096764   |
| 2 | 0.07516688165853665 | 0.07052285084805461 | 0.08074945256277366 | 0.07252114745077466 | 0.08596587430920731 | 0.08226310048067326 | 0.07704537705071289 | 0.06267702738876706  |  0.0780141922079645 | 0.0036506355587703986 |  0.05644990088216681   |
| 3 | 0.07652800080176625 | 0.07263764003040235 | 0.07906699447376324 | 0.07142708915447359 | 0.08461344555362267 | 0.08145094287709995 | 0.07572992483871328 | 0.06142285289521528  | 0.07666398184489306 |  0.003056932197539519 |  0.004280209198720309  |
| 4 | 0.07691825269937397 | 0.07318835098682273 | 0.07948917503792367 | 0.07158789176971551 | 0.08474694668413194 | 0.08142214431392371 | 0.07583219015342152 | 0.06142221665431822  | 0.07665405415758657 |  0.002829868043262779 | 0.0008604883546842066  |
| 5 | 0.07687302505508026 | 0.07313784672345518 | 0.07949686853940444 | 0.07159677810113525 | 0.08475972851926732 | 0.08143458456271832 | 0.07584657072904571 | 0.06143941157661072  | 0.07667322855750604 | 0.0028524966134089447 | 8.021651004845389e-05  |
| 6 | 0.07686908263229232 | 0.07313169925439152 |  0.0794904731261416 | 0.07159405565497003 | 0.08475714384168752 |  0.0814344073908638 | 0.07584437790377319 | 0.061438574915605844 |  0.0766722265252831 |  0.002854940968789971 | 1.0993019213459594e-05 |
| 7 | 0.07686995835114489 | 0.07313270134885955 | 0.07949067674044083 | 0.07159405354933054 | 0.08475708712591358 | 0.08143423235375666 |  0.0758442729954381 |  0.0614383685758179  | 0.07667197467640889 | 0.0028544804383277057 | 1.4749551671292667e-06 |
| 8 | 0.07686997681185985 | 0.07313274329143583 | 0.07949076219530592 | 0.07159409393176015 | 0.08475712951032409 |  0.0814342436604535 |  0.0758443109336223 | 0.061438392178175025 | 0.07667200197978084 | 0.0028544652404331626 | 1.2621552653791709e-07 |
| 9 | 0.07686996283344567 | 0.07313272631403094 | 0.07949075490197786 | 0.07159409197663645 | 0.08475712833603398 | 0.08143424574430651 | 0.07584431063740198 | 0.06143839416530541  | 0.07667200450405726 | 0.0028544728597345026 | 2.4795706106535987e-08 |
+---+---------------------+---------------------+---------------------+---------------------+---------------------+---------------------+---------------------+----------------------+---------------------+-----------------------+------------------------+
