The U matrix is:  
               0             1         2             3             4             5             6         7         8          9
0  9.162200e+00  4.505000e-01  0.106700  4.314000e-01  8.530000e-01  4.173000e-01  7.803000e-01  0.234800  0.547000   0.547000
1  1.110223e-16  9.044745e+00  0.952650  8.732006e-01  5.481507e-01  1.352295e-02  3.220533e-01  0.332844  0.248879   0.728279
2 -2.623103e-18 -2.775558e-17  8.978468  1.465163e-01  3.090763e-01  8.882066e-01  2.075875e-01  0.805361  0.720241   0.451014
3 -1.069430e-17  2.087550e-18  0.000000  9.142233e+00  3.869754e-01  8.525987e-01  3.116829e-01 -0.091370  0.078861   0.298980
4 -1.407440e-18  2.448346e-18  0.000000  0.000000e+00  9.345408e+00  3.936579e-01  5.498488e-02 -0.037221  0.607800   0.381482
5 -9.533065e-18  2.415015e-18  0.000000 -3.469447e-18  0.000000e+00  9.384399e+00  3.410496e-02  0.054461  0.066730   0.168862
6 -5.231469e-18 -2.045428e-19  0.000000  1.111114e-16  0.000000e+00 -2.775558e-17  9.871173e+00  0.627941  0.317930   0.412438
7 -9.965737e-18  6.138769e-19  0.000000 -9.173413e-18  0.000000e+00  2.365313e-18  0.000000e+00  9.599651  0.501675   0.316279
8  1.264189e-18  5.308329e-19  0.000000 -4.869726e-18  1.387779e-17  1.236214e-18 -5.551115e-17  0.000000  9.660040   0.695985
9 -2.135227e-19  2.478301e-18  0.000000  8.673713e-18  7.227727e-19 -5.771070e-17 -2.891091e-18  0.000000  0.000000  19.481278 

The L matrix is:  
           0         1         2         3         4         5         6         7         8  9
0  1.000000  0.000000  0.000000  0.000000  0.000000  0.000000  0.000000  0.000000  0.000000  0
1  0.086693  1.000000  0.000000  0.000000  0.000000  0.000000  0.000000  0.000000  0.000000  0
2  0.033966  0.023627  1.000000  0.000000  0.000000  0.000000  0.000000  0.000000  0.000000  0
3  0.057683  0.098103  0.075212  1.000000  0.000000  0.000000  0.000000  0.000000  0.000000  0
4  0.018074  0.015949  0.089122  0.012111  1.000000  0.000000  0.000000  0.000000  0.000000  0
5  0.065705  0.088029  0.086633  0.001990 -0.005976  1.000000  0.000000  0.000000  0.000000  0
6  0.028705  0.058085  0.002896  0.088137  0.015898  0.025677  1.000000  0.000000  0.000000  0
7  0.071391  0.106574  0.032372  0.049342 -0.002687  0.085152  0.085219  1.000000  0.000000  0
8  0.075222  0.004899  0.027533  0.055691  0.009308  0.027934  0.049679  0.060310  1.000000  0
9  1.091441 -0.005417  0.076717 -0.036354 -0.074654 -0.037503 -0.079962  0.018834 -0.052081  1 

x0 =  0.0768699634019056
x1 =  0.07313272674759302
x2 =  0.07949075412448907
x3 =  0.07159409152259195
x4 =  0.08475712780476964
x5 =  0.08143424545975449
x6 =  0.07584431011627422
x7 =  0.061438393710484734
x8 =  0.07667200397112313
x9 =  0.0028544726222333176
