The U matrix is: 
       0         1         2         3         4         5         6         7         8          9
0  10.0  0.442700  0.800100  0.145000  0.240000  0.111200  0.059800  0.450900  0.081100  20.000000
1   0.0  9.048636  0.898348  0.899083  0.603037  0.040867  0.384950  0.317385  0.289858  -0.812900
2   0.0  0.000000  8.958334  0.155903  0.329188  0.898267  0.230683  0.799619  0.735282  -0.116265
3   0.0  0.000000  0.000000  9.156503  0.417535  0.870302  0.346291 -0.097151  0.103327  -0.532792
4   0.0  0.000000  0.000000  0.000000  9.353899  0.398299  0.064657 -0.038820  0.614700   0.145569
5   0.0  0.000000  0.000000  0.000000  0.000000  9.402217  0.074132  0.047953  0.093137  -0.813927
6   0.0  0.000000  0.000000  0.000000 -0.000000  0.000000  9.884030  0.625814  0.326384   0.096151
7   0.0  0.000000  0.000000  0.000000  0.000000  0.000000  0.000000  9.590968  0.525383  -0.617858
8   0.0  0.000000  0.000000  0.000000  0.000000  0.000000  0.000000  0.000000  9.690184  -0.469060
9   0.0  0.000000  0.000000  0.000000  0.000000  0.000000  0.000000  0.000000  0.000000 -17.741258 

The L matrix is: 
          0         1         2         3         4         5         6         7         8  9
0  1.00000  0.000000  0.000000  0.000000  0.000000  0.000000  0.000000  0.000000  0.000000  0
1  0.07943  1.000000  0.000000  0.000000  0.000000  0.000000  0.000000  0.000000  0.000000  0
2  0.03112  0.023785  1.000000  0.000000  0.000000  0.000000  0.000000  0.000000  0.000000  0
3  0.05285  0.098347  0.071918  1.000000  0.000000  0.000000  0.000000  0.000000  0.000000  0
4  0.01656  0.016032  0.088147  0.012553  1.000000  0.000000  0.000000  0.000000  0.000000  0
5  0.06020  0.088317  0.082738  0.003830 -0.002196  1.000000  0.000000  0.000000  0.000000  0
6  0.02630  0.058203  0.001236  0.088785  0.017213  0.026287  1.000000  0.000000  0.000000  0
7  0.06541  0.106883  0.028069  0.051302  0.001335  0.087008  0.089060  1.000000  0.000000  0
8  0.06892  0.005270  0.022328  0.058067  0.014174  0.030321  0.054697  0.059181  1.000000  0
9  0.91622  0.004961 -0.070418  0.033317  0.068355  0.034273  0.072981 -0.017205  0.047429  1 

x0 =  0.0768699634007594
x1 =  0.07313272674757867
x2 =  0.07949075412503966
x3 =  0.07159409152436189
x4 =  0.0847571278036437
x5 =  0.08143424546076614
x6 =  0.0758443101164646
x7 =  0.061438393706651134
x8 =  0.07667200397228009
x9 =  0.0028544726228609527
