             0         1             2         3         4             5         6         7             8          9         10
0  1.000000e+01  0.442700  8.001000e-01  0.145000  0.240000  1.112000e-01  0.059800  0.450900  8.110000e-02  20.000000  1.000000
1  0.000000e+00  9.048636  8.983481e-01  0.899083  0.603037  4.086738e-02  0.384950  0.317385  2.898582e-01  -0.812900  0.920570
2  0.000000e+00  0.000000  8.958334e+00  0.155903  0.329188  8.982674e-01  0.230683  0.799619  7.352818e-01  -0.116265  0.946984
3  0.000000e+00  0.000000  0.000000e+00  9.156503  0.417535  8.703023e-01  0.346291 -0.097151  1.033273e-01  -0.532792  0.788510
4  2.775558e-17  0.000000  0.000000e+00  0.000000  9.353899  3.982990e-01  0.064657 -0.038820  6.147002e-01   0.145569  0.875310
5  6.095339e-20  0.000000  0.000000e+00  0.000000  0.000000  9.402217e+00  0.074132  0.047953  9.313681e-02  -0.813927  0.779049
6 -4.793679e-19  0.000000  0.000000e+00  0.000000  0.000000  0.000000e+00  9.884030  0.625814  3.263845e-01   0.096151  0.813395
7  1.110226e-16  0.000000  0.000000e+00  0.000000  0.000000 -1.110223e-16  0.000000  9.590968  5.253833e-01  -0.617858  0.627772
8 -6.939496e-18  0.000000  0.000000e+00  0.000000  0.000000  6.570429e-18  0.000000  0.000000  9.690184e+00  -0.469060  0.741627
9  3.749931e-19  0.000000  1.110223e-16  0.000000  0.000000 -5.773297e-17  0.000000  0.000000 -5.551115e-17 -17.741258 -0.050642 

x0 =  0.07686996340190559
x1 =  0.07313272674759304
x2 =  0.07949075412448908
x3 =  0.07159409152259197
x4 =  0.08475712780476964
x5 =  0.08143424545975447
x6 =  0.07584431011627422
x7 =  0.061438393710484776
x8 =  0.07667200397112314
x9 =  0.002854472622233337
